00000
00001
00002
00003
00010
00011
00012
00013
00020
00021
00022
00023
00030
00031
00032
00033
00100
00101
00102
00103
00110
00111
00112
00113
00120
00121
00122
00123
00130
00131
00132
00133
00200
00201
00202
00203
00210
00211
00212
00213
00220
00221
00222
00223
00230
00231
00232
00233
00300
00301
00302
00303
00310
00311
00312
00313
00320
00321
00322
00323
00330
00331
00332
00333
01000
01001
01002
01003
01010
01011
01012
01013
01020
01021
01022
01023
01030
01031
01032
01033
01100
01101
01102
01103
01110
01111
01112
01113
01120
01121
01122
01123
01130
01131
01132
01133
01200
01201
01202
01203
01210
01211
01212
01213
01220
01221
01222
01223
01230
01231
01232
01233
01300
01301
01302
01303
01310
01311
01312
01313
01320
01321
01322
01323
01330
01331
01332
01333
02000
02001
02002
02003
02010
02011
02012
02013
02020
02021
02022
02023
02030
02031
02032
02033
02100
02101
02102
02103
02110
02111
02112
02113
02120
02121
02122
02123
02130
02131
02132
02133
02200
02201
02202
02203
02210
02211
02212
02213
02220
02221
02222
02223
02230
02231
02232
02233
02300
02301
02302
02303
02310
02311
02312
02313
02320
02321
02322
02323
02330
02331
02332
02333
03000
03001
03002
03003
03010
03011
03012
03013
03020
03021
03022
03023
03030
03031
03032
03033
03100
03101
03102
03103
03110
03111
03112
03113
03120
03121
03122
03123
03130
03131
03132
03133
03200
03201
03202
03203
03210
03211
03212
03213
03220
03221
03222
03223
03230
03231
03232
03233
03300
03301
03302
03303
03310
03311
03312
03313
03320
03321
03322
03323
03330
03331
03332
03333
10000
10001
10002
10003
10010
10011
10012
10013
10020
10021
10022
10023
10030
10031
10032
10033
10100
10101
10102
10103
10110
10111
10112
10113
10120
10121
10122
10123
10130
10131
10132
10133
10200
10201
10202
10203
10210
10211
10212
10213
10220
10221
10222
10223
10230
10231
10232
10233
10300
10301
10302
10303
10310
10311
10312
10313
10320
10321
10322
10323
10330
10331
10332
10333
11000
11001
11002
11003
11010
11011
11012
11013
11020
11021
11022
11023
11030
11031
11032
11033
11100
11101
11102
11103
11110
11111
11112
11113
11120
11121
11122
11123
11130
11131
11132
11133
11200
11201
11202
11203
11210
11211
11212
11213
11220
11221
11222
11223
11230
11231
11232
11233
11300
11301
11302
11303
11310
11311
11312
11313
11320
11321
11322
11323
11330
11331
11332
11333
12000
12001
12002
12003
12010
12011
12012
12013
12020
12021
12022
12023
12030
12031
12032
12033
12100
12101
12102
12103
12110
12111
12112
12113
12120
12121
12122
12123
12130
12131
12132
12133
12200
12201
12202
12203
12210
12211
12212
12213
12220
12221
12222
12223
12230
12231
12232
12233
12300
12301
12302
12303
12310
12311
12312
12313
12320
12321
12322
12323
12330
12331
12332
12333
13000
13001
13002
13003
13010
13011
13012
13013
13020
13021
13022
13023
13030
13031
13032
13033
13100
13101
13102
13103
13110
13111
13112
13113
13120
13121
13122
13123
13130
13131
13132
13133
13200
13201
13202
13203
13210
13211
13212
13213
13220
13221
13222
13223
13230
13231
13232
13233
13300
13301
13302
13303
13310
13311
13312
13313
13320
13321
13322
13323
13330
13331
13332
13333
20000
20001
20002
20003
20010
20011
20012
20013
20020
20021
20022
20023
20030
20031
20032
20033
20100
20101
20102
20103
20110
20111
20112
20113
20120
20121
20122
20123
20130
20131
20132
20133
20200
20201
20202
20203
20210
20211
20212
20213
20220
20221
20222
20223
20230
20231
20232
20233
20300
20301
20302
20303
20310
20311
20312
20313
20320
20321
20322
20323
20330
20331
20332
20333
21000
21001
21002
21003
21010
21011
21012
21013
21020
21021
21022
21023
21030
21031
21032
21033
21100
21101
21102
21103
21110
21111
21112
21113
21120
21121
21122
21123
21130
21131
21132
21133
21200
21201
21202
21203
21210
21211
21212
21213
21220
21221
21222
21223
21230
21231
21232
21233
21300
21301
21302
21303
21310
21311
21312
21313
21320
21321
21322
21323
21330
21331
21332
21333
22000
22001
22002
22003
22010
22011
22012
22013
22020
22021
22022
22023
22030
22031
22032
22033
22100
22101
22102
22103
22110
22111
22112
22113
22120
22121
22122
22123
22130
22131
22132
22133
22200
22201
22202
22203
22210
22211
22212
22213
22220
22221
22222
22223
22230
22231
22232
22233
22300
22301
22302
22303
22310
22311
22312
22313
22320
22321
22322
22323
22330
22331
22332
22333
23000
23001
23002
23003
23010
23011
23012
23013
23020
23021
23022
23023
23030
23031
23032
23033
23100
23101
23102
23103
23110
23111
23112
23113
23120
23121
23122
23123
23130
23131
23132
23133
23200
23201
23202
23203
23210
23211
23212
23213
23220
23221
23222
23223
23230
23231
23232
23233
23300
23301
23302
23303
23310
23311
23312
23313
23320
23321
23322
23323
23330
23331
23332
23333
30000
30001
30002
30003
30010
30011
30012
30013
30020
30021
30022
30023
30030
30031
30032
30033
30100
30101
30102
30103
30110
30111
30112
30113
30120
30121
30122
30123
30130
30131
30132
30133
30200
30201
30202
30203
30210
30211
30212
30213
30220
30221
30222
30223
30230
30231
30232
30233
30300
30301
30302
30303
30310
30311
30312
30313
30320
30321
30322
30323
30330
30331
30332
30333
31000
31001
31002
31003
31010
31011
31012
31013
31020
31021
31022
31023
31030
31031
31032
31033
31100
31101
31102
31103
31110
31111
31112
31113
31120
31121
31122
31123
31130
31131
31132
31133
31200
31201
31202
31203
31210
31211
31212
31213
31220
31221
31222
31223
31230
31231
31232
31233
31300
31301
31302
31303
31310
31311
31312
31313
31320
31321
31322
31323
31330
31331
31332
31333
32000
32001
32002
32003
32010
32011
32012
32013
32020
32021
32022
32023
32030
32031
32032
32033
32100
32101
32102
32103
32110
32111
32112
32113
32120
32121
32122
32123
32130
32131
32132
32133
32200
32201
32202
32203
32210
32211
32212
32213
32220
32221
32222
32223
32230
32231
32232
32233
32300
32301
32302
32303
32310
32311
32312
32313
32320
32321
32322
32323
32330
32331
32332
32333
33000
33001
33002
33003
33010
33011
33012
33013
33020
33021
33022
33023
33030
33031
33032
33033
33100
33101
33102
33103
33110
33111
33112
33113
33120
33121
33122
33123
33130
33131
33132
33133
33200
33201
33202
33203
33210
33211
33212
33213
33220
33221
33222
33223
33230
33231
33232
33233
33300
33301
33302
33303
33310
33311
33312
33313
33320
33321
33322
33323
33330
33331
33332
33333
